Grid Points (states):
[-1.31657222  0.2333963   1.78336482  3.33333333  4.88330185  6.43327037
  7.98323888]

Transition Probability Matrix (P2):
0.626398 0.304734 0.061770 0.006678 0.000406 0.000013 0.000000
0.050789 0.646988 0.257284 0.041451 0.003350 0.000136 0.000002
0.004118 0.102914 0.659505 0.207172 0.024925 0.001340 0.000027
0.000334 0.012435 0.155379 0.663704 0.155379 0.012435 0.000334
0.000027 0.001340 0.024925 0.207172 0.659505 0.102914 0.004118
0.000002 0.000136 0.003350 0.041451 0.257284 0.646988 0.050789
0.000000 0.000013 0.000406 0.006678 0.061770 0.304734 0.626398
