Grid Points (y):
[[-2.36161464 -0.46329865  1.43501734  3.33333333  5.23164932  7.12996532
   9.02828131]]

Transition Probability Matrix (pmat):
0.537809 0.439073 0.023068 0.000050 0.000000 0.000000 0.000000
0.064425 0.583477 0.340734 0.011349 0.000015 0.000000 0.000000
0.000867 0.107752 0.638167 0.248021 0.005189 0.000004 0.000000
0.000001 0.002202 0.169067 0.657460 0.169067 0.002202 0.000001
0.000000 0.000004 0.005189 0.248021 0.638167 0.107752 0.000867
0.000000 0.000000 0.000015 0.011349 0.340734 0.583477 0.064425
0.000000 0.000000 0.000000 0.000050 0.023068 0.439073 0.537809
